./1000x1000_cat.pgm,0.0023310184478759766,0.005698442459106445,0.006263017654418945,0.007159709930419922,0.11127996444702148
./1400x1400_cat.pgm,0.003545999526977539,0.011006832122802734,0.01177072525024414,0.013879537582397461,0.19203853607177734
./1600x1600_cat.pgm,0.004256725311279297,0.014317035675048828,0.015017271041870117,0.01766800880432129,0.2390589714050293
./1800x1800_cat.pgm,0.005112648010253906,0.01802968978881836,0.01871180534362793,0.021477699279785156,0.2841513156890869
./2200x2200_cat.pgm,0.00709080696105957,0.02683115005493164,0.027655839920043945,0.03341555595397949,0.39872050285339355
./2400x2400_cat.pgm,0.008169412612915039,0.03187203407287598,0.03287148475646973,0.0410304069519043,0.4776265621185303
./2600x2600_cat.pgm,0.009460210800170898,0.03736686706542969,0.038213491439819336,0.04720330238342285,0.551551103591919
./2800x2800_cat.pgm,0.01065516471862793,0.043308258056640625,0.04364180564880371,0.0525054931640625,0.6195149421691895
./3000x3000_cat.pgm,0.010390281677246094,0.04213905334472656,0.0509796142578125,0.061419010162353516,0.7802658081054688
./3400x3400_cat.pgm,0.012456893920898438,0.05137753486633301,0.06441116333007812,0.0791769027709961,0.9792079925537109
./3600x3600_cat.pgm,0.012558460235595703,0.05190896987915039,0.07231020927429199,0.08787894248962402,1.1001508235931396
./3800x3800_cat.pgm,0.013144731521606445,0.05504465103149414,0.07988309860229492,0.09967780113220215,1.2130415439605713
./4200x4200_cat.pgm,0.01583123207092285,0.06740522384643555,0.09727835655212402,0.11944818496704102,1.476379632949829
./4600x4600_cat.pgm,0.018788576126098633,0.08071517944335938,0.1168215274810791,0.144927978515625,1.7332148551940918
./5000x5000_cat.pgm,0.022026777267456055,0.09510993957519531,0.14005136489868164,0.21527576446533203,2.092543363571167
./5400x5400_cat.pgm,0.02570056915283203,0.11129426956176758,0.15960025787353516,0.20069289207458496,2.3931515216827393
./5800x5800_cat.pgm,0.02944207191467285,0.12841224670410156,0.18646788597106934,0.23115992546081543,2.7512571811676025
./600x600_cat.pgm,0.0012142658233642578,0.0015308856964111328,0.002707958221435547,0.0028836727142333984,0.03773093223571777
./6200x6200_cat.pgm,0.03339195251464844,0.1464540958404541,0.2126784324645996,0.26286745071411133,3.115419387817383
./6600x6600_cat.pgm,0.037482261657714844,0.16541767120361328,0.24410247802734375,0.2781946659088135,3.511974811553955
./7000x7000_cat.pgm,0.04259896278381348,0.1860523223876953,0.2659037113189697,0.3312854766845703,3.960622787475586
./800x800_cat.pgm,0.0015537738800048828,0.0026454925537109375,0.004370689392089844,0.004770517349243164,0.07255935668945312
